function [x,t]=triang
t=[0:1/8000:1];
x=zeros(1,8001);
x(3001:4000)=8*[t(3001:4000)-3001/8000];
